EPSG:2154
d2ed696e-1c7e-4d7e-a54c-1ece4e5e7eb2.JPG 868072.4159086068 6546856.988945644 312.9348327983042 11.117052445255538 35.17442237643348 -1.298665061472956
f1f72074-5cb4-4090-bb30-cf5bb588dc7b.JPG 868072.500381965 6546856.901470104 312.9528385088686 9.2805989925467 35.334474199254394 -0.5077714707418217
382cc10a-b034-4377-a255-a2431bdd5b85.JPG 868072.6705664113 6546856.92540847 312.9398383915402 9.975755155703084 36.335254007012175 -1.310827600672339
69737505-5a86-4345-8c2e-609a65a8a22a.JPG 868072.7015759611 6546856.9332975 312.9488411391649 9.570315126571131 35.978571283270355 -1.4326209726310675
1922872a-e07a-4e7d-bb60-edf862d75346.JPG 868072.7817330171 6546856.918283573 312.92683818115563 4.284691275086729 34.992776910551584 1.0687424311552265
1554c179-b11e-481b-b98f-18d585b4de6a.JPG 868072.9663757889 6546856.862262912 312.92885287195855 3.934302570665068 34.864926014572696 -0.19072654922897986
411132fd-15c4-4bd0-b051-06492ac0aee5.JPG 868073.1273343752 6546856.888539613 312.9078571233679 -0.258648107968213 34.29818423800172 -1.2054448254116237
3ed9c363-601e-463f-b18b-3a8f0f0614e4.JPG 868073.1898946771 6546856.9034068 312.900838207279 -1.7603061781305342 34.130779716539294 -0.5947630545277784
c5e74886-e11b-4fbd-b285-028d0dcd47b1.JPG 868073.1898946771 6546856.9034068 312.900838207279 -3.102383708524684 33.9718617051206 -0.3509134016881286
6ed497d1-0b43-4d65-b3e7-90e6b71dd3f7.JPG 868073.325459365 6546856.905285121 312.8988548870663 -11.700123382899179 32.30764171761739 1.2293542227663707
e8071aed-5aad-4a8b-ab85-7747c65dfe75.JPG 868073.325459365 6546856.905285121 312.8988548870663 -12.41264188692574 32.35966726852538 1.4501083913404158
f554400b-efca-48dc-b75f-ceae31716c5d.JPG 868073.4666227566 6546856.886580235 312.8858547667574 -15.51280327949199 33.640150152984354 1.507212401339719
8c25d0c4-07db-4eda-81c2-36508ea69369.JPG 868073.5359166955 6546856.895892917 312.8738309926974 -17.157956793927113 33.9390187404966 1.6450158434346631
a1e82968-85ca-4e62-a77a-5ff2c3ba6b58.JPG 868073.6039601879 6546856.92720452 312.8638518589875 -24.474598866817345 32.93246400779557 2.2094349288010138
8b679573-d207-4009-9865-0dd10cf44bf7.JPG 868073.6603551849 6546856.950419164 312.8538421924046 -27.028433918241788 32.85775198355939 2.29406481459888
a26de96e-30f6-475c-adca-c6e245564839.JPG 868073.7254959223 6546856.969986204 312.8578401208695 -28.80164664942548 32.855006247513046 2.4778334020956003
5c07c0da-ee5a-4004-81f1-b8472762d7b2.JPG 868073.8573468038 6546856.984908289 312.87483870495555 -38.713289323867826 32.21510631474206 3.6649493081477886
1c8f98d7-a7d2-4257-837a-8c35a1fc1581.JPG 868074.0135737249 6546857.004944748 312.88884661688724 -45.149991295796156 35.21122343568151 4.628800844384247
a33033f2-819b-40ea-a4e8-ef639d4241f7.JPG 868074.0425778236 6546857.043514171 312.8868553542373 -47.80742665655134 34.67996107675417 5.547724250034007
279454ca-4e45-4aba-aa24-84377ae76fa4.JPG 868074.0926223529 6546857.133394688 312.8868324456794 -56.65866880197086 34.00762116052021 5.25690375979815
df675ce8-93e8-4d17-9906-15f40e1d5a03.JPG 868074.1625572789 6546857.217897537 312.8908302841786 -64.50891940376835 32.82470752835487 5.9933642112997205
e139f852-4abc-4ded-b141-31743e879b3f.JPG 868074.2151112051 6546857.258781289 312.88585598116856 -65.19390541525058 33.426512081030104 5.891866746459685
3afaf98a-665d-412e-8ddf-37c7c638b1f6.JPG 868074.2710394416 6546857.331789525 312.8928445266819 -65.90899890059424 35.28188515773988 5.759342720428043
b261d114-6fe1-444f-be0d-79ce01ce42e1.JPG 868074.288842309 6546857.51484119 312.87984379507054 -70.67798724325888 34.532125047263825 4.262546891181122
3542e6c1-7234-444a-b760-1d967f458fb2.JPG 868074.3341939873 6546857.648659246 312.8628454037785 -75.28112493249728 33.432857326769046 4.622667761396398
3a200f6d-66b3-4d2f-b117-ebc620a84b97.JPG 868074.4186037336 6546857.769850537 312.865836139632 -75.88962648565371 33.606535376984134 3.19665318251832
e5d5879d-829e-406f-bd3d-30d80bc417c2.JPG 868074.4661644167 6546857.87965935 312.85585683414 -75.0552642370233 35.46640613326236 3.206239993348668
ff716101-5f42-49fb-bbaf-43a1c708becf.JPG 868074.4791139717 6546857.9342657635 312.8508518970784 -75.224106513306 35.72121317043886 3.197175265103003
25609502-8b19-4aac-ab1a-adc197d4dc16.JPG 868074.4923430344 6546858.091270027 312.84483972060434 -76.393066068997 34.265471046971946 2.919091370121927
5813f29b-e467-4597-824f-f49214c916ce.JPG 868074.5491752687 6546858.225218803 312.83983476488993 -78.21077065243418 33.3441980562477 4.258008657364472
6b9fd2f4-584b-4095-ad36-f1eaaafb2c18.JPG 868074.5910153612 6546858.289692647 312.8348298817558 -77.79975718893948 33.484660896529014 3.5130599882718685
68e3c05b-5cc7-4454-8735-836c836075f5.JPG 868074.6253550146 6546858.350071893 312.8388581901445 -76.84295696924741 33.67697511789447 3.06101288267786
3efc265a-f03a-4858-9bd4-f9876439e930.JPG 868074.6605935264 6546858.485648394 312.82884829725856 -75.75214843803968 35.08356036990481 3.596635036729791
732dd94f-2070-4769-bcc5-48f16bff3321.JPG 868074.665304587 6546858.548915526 312.8228362468203 -76.00662762613604 35.187020660357575 3.3720530807344824
f2a61315-4bd3-4a40-9f3a-d4cf05e6b2b8.JPG 868074.670548289 6546858.630342405 312.82384321225504 -76.69627182663223 34.77712734788677 2.9048666474017293
99706026-1281-4fae-aca3-97490b60d612.JPG 868074.70820943 6546858.776354187 312.80483062333997 -78.52994539234885 34.00122468836249 3.3442356412357244
053ce139-b7e4-4773-9e1b-89299c7b0d98.JPG 868074.7748425517 6546858.929273177 312.7988490990419 -79.1248002275436 32.931514611500944 2.4461419646769755
116aa3bd-ce20-4a37-92ee-540ac1e51362.JPG 868074.8431452722 6546859.035579299 312.7868556886988 -77.73204269350796 34.873211034035926 2.018499124987423
e2a8b2a8-66ac-4349-a447-a91f768a9666.JPG 868074.8629352973 6546859.094817614 312.78484148349315 -77.19983435338057 35.69553848934878 2.695115806858869
d30bd761-cfaf-4691-865d-14ea188ad4d9.JPG 868074.867881837 6546859.238633217 312.78883907340327 -78.97013742397783 35.14491595921903 2.398761582734832
c434eedb-e0f5-4ffd-94fa-9e7df8d37d16.JPG 868074.879675679 6546859.377452903 312.79085304497954 -82.29230045513702 34.695154832562864 3.0149332248857807
0a78ae54-c921-4865-a635-a4128b0919ac.JPG 868074.9050286573 6546859.445546515 312.7828573939848 -83.75248561665904 34.594976448006285 3.2664242052202352
1357dcc5-06d7-4927-a2da-63fc673e8e60.JPG 868074.9396396517 6546859.528892322 312.7748312238092 -83.82444848975427 34.50103061106734 3.5097832050175546
f9e0572f-0d10-4df7-901f-11601de270c3.JPG 868074.9844246426 6546859.664546333 312.75185138305613 -83.59712613379793 35.453401453082655 2.2556629297641293
b7597d85-a326-4d74-aad9-8e75b7580de5.JPG 868074.9943661569 6546859.72999407 312.74983714451497 -83.06004103860315 36.06478534606884 2.043143514729887
301054d8-4a9d-42d7-9b28-6b40577e1912.JPG 868074.9761497462 6546859.857434281 312.71883104230125 -83.41661789441284 35.05592200942835 1.4559649583885843
70593875-48e4-4e44-8cf0-8e9681a03317.JPG 868074.9761497462 6546859.857434281 312.71883104230125 -83.99521687938295 35.01046368540733 1.5952562077838277
d3e67a26-e8d2-4d68-836c-cb0f26c93b54.JPG 868074.9929464111 6546860.067675906 312.7178541916588 -85.75404523217458 33.884373812041915 2.03971198500219
6e00188b-516c-41f2-a417-458f35c33851.JPG 868075.0649219579 6546860.218705195 312.70985089364746 -87.08563159200358 34.013546349625194 1.9291728438049383
76100aab-6309-4f0d-b5b6-75632d17a695.JPG 868075.0649219579 6546860.218705195 312.70985089364746 -86.94897316708997 34.23472495042313 1.6173993609078918
2016e62d-b340-4f26-89f6-b47c104e5347.JPG 868075.1031210474 6546860.326404901 312.69984868087374 -85.69419911466693 36.01901966353517 1.6941487025074442
1f6209a6-5d9d-4df7-9f5b-924a9bd51432.JPG 868075.090740796 6546860.4480807595 312.69184522619327 -86.59668567007907 35.790058062178 2.2205843588474132
7cdf5517-ff67-4335-bfd6-caffc7f54580.JPG 868075.0784660063 6546860.504955619 312.6878549345262 -89.58623214903696 34.97804077741728 1.9674878571711827
a0a765f4-ee47-4938-8c3b-e0ba9d956c7a.JPG 868075.0708601096 6546860.565662018 312.6968269893917 269.7489682362017 34.84936001345424 1.8191504491070805
76c4f92a-2efc-4bbc-badc-dd9c698d0b8e.JPG 868075.0803536621 6546860.647390982 312.6868476364559 266.8822558792773 33.757386934993036 1.6969729857292444
c343c5ee-5c4d-402d-a793-43d83fc3bfd0.JPG 868075.1349429489 6546860.797201297 312.6788519280206 266.68200839319087 33.42785079810743 1.5769927088300368
725a8fb7-2795-4a3d-8975-0757f5b06b45.JPG 868075.1705951347 6546860.992779079 312.66883431306945 263.36610181531137 35.32911591585052 1.8123209002673024
9dcb5a7d-43e1-469c-b15e-11092df98e57.JPG 868075.1705951347 6546860.992779079 312.66883431306945 262.1675402197576 35.167254092899555 2.2572475336515723
1221a9f2-d67a-4aec-ac8e-74c151cbf3e4.JPG 868075.1351194942 6546861.170661772 312.64182589334496 254.27629482256168 34.440709795412374 2.11042194527157
56cd92b4-784d-47c9-b497-bdc9d498a18c.JPG 868075.1351194942 6546861.170661772 312.64182589334496 251.4036128803027 34.37413252647767 2.1742515571692205
e96ca2bc-ac74-4e92-8352-2747b247a4cc.JPG 868075.1200250806 6546861.2174607385 312.6398497708026 250.04818916027034 33.69655385515032 1.7630723548654543
3f914d5e-4212-429e-ac9c-b2d47cd6e990.JPG 868075.1200250806 6546861.2174607385 312.6398497708026 249.33857348664105 33.654090569080346 1.700229812024577
ba507a58-6e9d-474a-bebd-c2489812c565.JPG 868075.1257944645 6546861.35481859 312.632830527101 240.98951416975754 34.231760648323345 2.61480388127692
247d3dd7-2636-459d-aa94-d7daba8318a0.JPG 868075.1322293193 6546861.3929522075 312.6378353657923 238.51426727492324 35.45157779257426 2.35167916779523
08df925e-62c7-46c2-b044-e12cb7006cd8.JPG 868075.0772674779 6546861.481795148 312.6098504758678 229.33357778507732 35.62786155995771 4.694103002378269
dc5cb85c-09fc-43f0-9cc5-4971305f16e4.JPG 868075.0538125866 6546861.49948006 312.59882591681503 228.10553709306572 35.44184135791241 4.2445297059242755
36071801-4a2b-4a47-978f-4d1f3e4f713d.JPG 868074.9939003238 6546861.56189493 312.59883330482035 214.9020027858657 34.553483048798455 4.616719947289787
fcb072a9-2b2f-466c-bae0-bb7f14c8aa4b.JPG 868074.9568082653 6546861.648452228 312.5928516352012 210.56311145523676 34.63465301689489 4.473635168140836
0961beda-d93a-472c-bc62-0e321139cd98.JPG 868074.9568082653 6546861.648452228 312.5928516352012 209.202769999002 35.4595178874844 4.594760889108196
7beeb1b6-8ec0-4124-8675-de832bc83340.JPG 868074.9025880145 6546861.691582538 312.6008394136788 207.64036422636158 36.37062755672367 4.571759373304531
9ebb1e55-9ff0-4384-b0da-ec7b5c3991b7.JPG 868074.7264384936 6546861.701548318 312.5678265849357 203.08789288038633 34.90464697969091 3.9531038901732254
d2bb0ade-dba2-454a-884c-929bbaa7c662.JPG 868074.6279111757 6546861.732350335 312.54884436659415 199.99128318618847 33.4225505713115 4.939338383206638
41fd8f84-7bc9-4559-9c9a-ba2b67fac935.JPG 868074.4489874938 6546861.815005317 312.5528416104761 196.52537882394637 35.65340646745356 3.49820966291238
059aaec7-3702-4e2f-b202-04ebcfe433e8.JPG 868074.399514407 6546861.807534048 312.55082734317784 196.0315083356303 35.28796061100661 3.16966304968278
b19283e9-1ca5-4d46-9534-f8d28303cc26.JPG 868074.2568193164 6546861.78342619 312.5578384517219 195.27299533773285 34.41549615209127 3.0167805776128573
fd65b362-676d-45ba-af94-c74f60b17aa5.JPG 868074.1145802799 6546861.836540104 312.5608363791689 191.57170899631376 33.33685560288993 2.9992762968739957
5b66d41b-6dce-4c0f-b64a-70c9e1dbc256.JPG 868074.0661742712 6546861.841873821 312.5658411373922 190.71195210434925 34.519069140665344 1.371911369801938
