EPSG:2154
e4a3e19e-7cd8-4906-b536-b9d2c3bb843a.JPG 372319.83371935535 6787122.637496997 65.2723463138085 161.50097472244306 27.73679716277482 1.8770540181260982
af16872a-874c-4494-b48b-bae057a51181.JPG 372319.8976240425 6787122.624839025 65.24734496939627 166.12647445102408 27.449901896877606 3.7190004370315077
d07f8c16-d2d3-4397-b52d-4f4d2594a7c0.JPG 372319.9457354501 6787122.598593571 65.25134272064733 177.38974326032024 27.36825723063386 5.555825281276466
6e4c3f93-b102-44c2-900a-8bf81e5c5dfc.JPG 372320.04739842087 6787122.563421811 65.24934393878013 183.68553159948203 28.015709645079585 6.128932367267073
2fefa412-f703-4471-a837-5f2d473eca02.JPG 372320.1100428782 6787122.503716115 65.25134248579732 195.44252746312173 31.637176688310603 8.25908950381516
c06f92ce-a1b4-4c9b-8833-eea3c3c01435.JPG 372320.1100428782 6787122.503716115 65.25134248579732 196.4782505186733 31.66883461511361 7.41418656574812
7817dae9-32a5-499d-b29f-ca50349841fd.JPG 372320.2050759674 6787122.314203957 65.27334400872545 205.09676079831382 30.43199663945102 4.950615452413152
76e19177-7467-44d9-aed2-62c0e350c9d0.JPG 372320.2936078212 6787122.215209904 65.29134108517465 215.9724300325901 31.583863646744067 6.2499120929409235
6b6624d0-af0a-4d2f-905f-87cdcee85dd1.JPG 372320.3837708565 6787122.129852093 65.2993438165046 230.55166006127908 34.224991930855865 10.178595495510415
267372aa-18e4-4026-b83e-f4ec999d1008.JPG 372320.3911693206 6787121.997545421 65.31034395206868 237.2431144288705 34.9498833225639 7.817454594724013
50d77a11-2e1e-45aa-80ec-c5155b35b594.JPG 372320.3911693206 6787121.997545421 65.31034395206868 238.8830838297256 33.39045551240161 6.965765863716565
2a0775be-594f-4463-b84a-80156e34f889.JPG 372320.34324030223 6787121.849035626 65.28234216002232 241.6608534632781 31.230438923236342 5.8024019405030955
83f9f2a6-d562-4d0a-be54-c5ceee3dd5b7.JPG 372320.31027836597 6787121.692640948 65.31233901233585 249.77013215915912 31.976138486250825 6.080517851995906
149d947d-7dc3-48df-aac1-e15b579223a9.JPG 372320.28500774543 6787121.600557817 65.33133504041865 256.244017680929 32.08175711648132 5.754993170587214
845daabb-e764-46d6-9e78-5a1798b40ff9.JPG 372320.26463035634 6787121.533801056 65.3463335755671 259.1298272467727 34.16632402098004 7.013242508637324
811e118f-cf06-4607-8d50-0346154027a8.JPG 372320.22496070084 6787121.466451979 65.3783379266757 261.4553563950003 35.56273570622164 6.278484908673202
42499c2e-ab0b-4bd5-97f6-3b1342c3e383.JPG 372320.09706565307 6787121.334465045 65.36333640352726 263.14663417690053 36.30790592957544 3.975162412984605
5c3b2545-d4a6-4a80-961b-bb66cc2a9223.JPG 372320.003988547 6787121.256370773 65.35233346604655 265.10848307258163 34.83865369193025 3.350460291447133
5df35bf5-aa28-4cbe-8b40-5828d64cc2dc.JPG 372320.003988547 6787121.256370773 65.35233346604655 265.8657324854826 33.7539786705972 2.897112888589884
338ec4dc-b93f-452c-823a-531cff686a45.JPG 372319.83774601517 6787121.105192061 65.33232664975226 266.8235845543069 35.1227622406461 3.1926854829407776
cd182512-faf3-4156-9203-3852c02a15dd.JPG 372319.769380108 6787121.015700757 65.32532914140045 268.2732648848854 35.08995342696794 2.92601718194032
2e7eb744-8b88-4e78-bc38-18d7bddda91b.JPG 372319.6179086761 6787120.864253787 65.33532880564758 264.4462142702789 35.2958665549709 5.840744488069432
20ee2121-c135-41a9-9377-6bb2a75e7b32.JPG 372319.5213943543 6787120.791360063 65.32332645858325 261.0437418748587 33.833956770683464 4.84297551307516
2b56476d-ff85-456a-84bf-67c24c84a437.JPG 372319.4301234723 6787120.705559267 65.31532179558664 255.8924132028351 33.443973459643246 2.8965850430330886
2265669f-8800-48b2-b7d2-14ef0d04dd6c.JPG 372319.2458786757 6787120.541287443 65.33231730418558 255.9502102635917 33.621093925200014 2.8604885604866293
3d3d71de-7395-428c-bbd2-0d7a6b3a9ff5.JPG 372319.18185828236 6787120.445060849 65.31831595788742 258.3236326982794 32.90977070427821 3.469577083024863
ba1b79a6-4d73-4675-b59b-aff0134c3723.JPG 372319.11470000405 6787120.352719557 65.32031347973795 259.0584654303244 34.149986208485366 4.6387362083056765
28a10402-ce14-49fb-b5e0-dca11fb2c103.JPG 372318.9998819664 6787120.158971539 65.32931340306814 262.1129943290458 36.82515274032592 5.380732528129543
c3f64ee6-6c03-42e2-afce-5e74e02eacaf.JPG 372318.917457145 6787120.069152231 65.30630935003977 264.28530867381176 37.54873956590249 5.666914466145315
9810c5b9-a624-475b-9b1a-2cd344ef48df.JPG 372318.82044680876 6787119.969573591 65.30230993503872 264.18132587388743 36.37025872650849 5.0716545153554184
d612e8dc-5f7d-4768-94dd-c9d38b267a06.JPG 372318.82044680876 6787119.969573591 65.30230993503872 264.0438341658951 36.47227101685721 4.7991978424767865
4c254d08-da68-416e-af61-1cdb0d9e4c2c.JPG 372318.70969759196 6787119.870947604 65.32131308563274 261.72600947105127 34.964923399116266 6.413249236752608
c7e03c09-23ae-4876-a747-4812ea08607c.JPG 372318.635478547 6787119.761192156 65.30130720190513 265.08874382588033 32.85684356839978 2.9395915425854855
d72cf929-1e95-4e9a-bd49-1b075ee29762.JPG 372318.54752079694 6787119.661293555 65.28530679158979 266.0488908382657 32.21619914500926 2.769740105852901
6aa45da4-f5ae-4889-a078-dbeb27cee21a.JPG 372318.3799665769 6787119.475498816 65.28430440088951 266.28337123247223 33.42570953380263 3.8105484506849505
ac268b91-c6b8-42e3-b0a0-001862e5751e.JPG 372318.27609236434 6787119.397636442 65.26429872574522 265.3518700334659 33.71712980002498 3.9024772473846214
e36db279-f7e9-4d9f-9515-576d64ca36e7.JPG 372318.15948026534 6787119.307500023 65.2853008435231 265.8205302935555 33.49145351965859 3.0311092472744865
e6bd84c5-7352-446f-9958-a6cf445dcda6.JPG 372318.04840090533 6787119.218538705 65.29229543420826 265.558169067157 31.984481562321996 3.6813148682859627
46095aa4-59b0-483d-b667-1e94aac447fa.JPG 372317.9551891503 6787119.120232012 65.27529556449264 268.11976321347856 30.96306092289244 3.5152823610730612
4f6360a9-f702-4688-8a66-7bfedba048cf.JPG 372317.86385573563 6787119.006609085 65.26029443331086 268.4096091210972 31.588870175405688 3.1656131743917855
a116a6d0-04c7-47be-9589-c04c20efae4f.JPG 372317.78627161204 6787118.896670535 65.24929121601346 -89.85102492278003 32.484526541647796 5.80480872841188
952d75ec-ffa0-496d-9059-57a0d3bd2d51.JPG 372317.6340976063 6787118.717066188 65.25629220779314 -88.99850803133572 32.284565923506506 5.848200920208971
fbf9491d-1f4c-424e-8fe2-dc6409009135.JPG 372317.6340976063 6787118.717066188 65.25629220779314 -89.01893029695404 31.92288008619765 5.161313981703352
e9950109-a8ef-462c-aeda-cd10652bd699.JPG 372317.4610015482 6787118.594466879 65.246287814596 -85.92570154639535 28.415209117180922 2.8465259462758308
3fc67730-3b01-4f7d-a696-11480fecde19.JPG 372317.41367125156 6787118.452230822 65.24528652342909 -83.70814402856732 29.59988152305754 5.866095162060757
83d6b33d-094b-4c09-bd37-fde47098593f.JPG 372317.3669916636 6787118.330549411 65.23028552789731 -70.44339756602562 30.22745979456582 5.888271078748496
6969f594-291b-44da-8ef7-5c89a04f8999.JPG 372317.3669916636 6787118.330549411 65.23028552789731 -68.72474438593198 30.573818687377166 5.818031974645024
2cc5c2f8-2886-4b0e-a8ea-4d4081141b87.JPG 372317.3312248895 6787118.319746744 65.2082820512192 -65.0439144610771 31.51339316998246 5.149921653054594
f0094813-12fc-469f-a163-b0f0225b74f3.JPG 372317.14347363345 6787118.317430532 65.1872849797692 -55.448304639531244 24.80054835745782 1.8074885414295183
3640b43a-28b6-4992-85ed-a69d27c0cb99.JPG 372317.14347363345 6787118.317430532 65.1872849797692 -54.24437451528979 24.56064820814488 1.7667863769483545
456ed304-0e9c-43d7-9f96-f9c796195acf.JPG 372317.0860818101 6787118.308762879 65.19228184475381 -48.44984692912607 25.61919263326075 1.2978127819305854
a4d5b422-0b75-4a88-8302-1e0f41007a88.JPG 372317.0316726695 6787118.27785367 65.19628665328273 -38.11213705425834 26.78180182057093 1.5293918398437485
ea762da9-0aa9-409a-8034-f289b72ea28e.JPG 372316.82890082244 6787118.189003652 65.19227919355383 -27.094058375787284 30.043058347353817 4.935814005594912
3b582db6-0438-496a-8c1e-94515741ea93.JPG 372316.75511755154 6787118.193865557 65.19227887428715 -17.70288294628908 30.95778801685319 1.6811183023966465
16b0e466-7fc8-4bb3-8e6e-56b3f02f4f09.JPG 372316.63249122264 6787118.2875287505 65.21028467783091 -5.735565067537166 28.092472433614066 2.34742097173455
1614368b-9b63-4b2f-af59-c543b66911ae.JPG 372316.4640950458 6787118.329209363 65.20328050915123 8.410589986637987 30.623347804143513 5.32531792273276
c5839428-9cfd-4855-8390-93d1a4b1e445.JPG 372316.3886718723 6787118.400387879 65.20428037851815 17.1967609198348 33.76885823770407 4.573459236634219
5aebe1a7-f6fb-41a3-a8f6-93a3d51affcc.JPG 372316.32628868223 6787118.620540257 65.22028138003353 36.515049402245424 27.63081311742373 2.680075303419678
